185
219
262
120
150
179
273
276
155
188
139
75
16
41
146
59
40
97
277
69
258
31
147
3
83
131
140
132
173
224
227
295
105
55
195
235
159
117
10
221
183
5
58
165
232
27
241
136
261
271
246
211
113
121
142
240
260
88
197
114
33
167
126
278
231
250
42
54
156
154
270
164
96
286
186
35
79
95
112
175
208
177
234
205
272
169
92
2
22
153
196
49
30
18
149
161
108
73
38
214
259
85
170
81
290
300
252
299
115
178
106
135
253
63
268
80
119
89
181
203
249
176
228
275
267
152
190
144
202
4
77
269
9
255
107
296
138
279
158
44
207
8
287
116
100
200
94
160
148
247
198
87
50
191
163
243
223
25
32
236
141
172
99
242
43
217
293
134
230
187
6
57
256
204
26
47
86
229
128
182
29
199
206
110
281
65
151
288
171
23
192
133
201
297
48
265
282
13
174
233
216
123
46
266
239
225
12
162
34
189
210
76
184
70
180
67
244
264
289
21
248
274
145
20
212
291
215
218
245
109
64
11
45
285
143
257
209
166
280
194
294
125
284
104
90
56
129
127
292
263
137
226
157
237
254
130
7
1
37
251
168
213
122
193
298
17
220
74
283
222
238
